{"matrix": [[3934, 1083, 1109, 1572, 1644, 317, 263, 143, 178, 979], [1083, 1730, 621, 172, 685, 268, 121, 57, 116, 156], [1109, 621, 6632, 1070, 2971, 449, 423, 189, 1967, 194], [1572, 172, 1070, 3958, 2340, 40, 238, 647, 193, 1042], [1644, 685, 2971, 2340, 10146, 534, 783, 1105, 2610, 1496], [317, 268, 449, 40, 534, 1210, 361, 101, 137, 46], [263, 121, 423, 238, 783, 361, 2793, 850, 60, 1012], [143, 57, 189, 647, 1105, 101, 850, 2123, 130, 769], [178, 116, 1967, 193, 2610, 137, 60, 130, 3627, 123], [979, 156, 194, 1042, 1496, 46, 1012, 769, 123, 3568]], "index": {"Action": 0, "Adventure": 1, "Comedy": 2, "Crime": 3, "Drama": 4, "Fantasy": 5, "Horror": 6, "Mystery": 7, "Romance": 8, "Thriller": 9}}